MEME version 4

ALPHABET= ACGU

strands: + -

Background letter frequencies (from uniform background):
A 0.25000 C 0.25000 G 0.25000 U 0.25000

MOTIF motif_0 motif_0

letter-probability matrix: alength= 4 w= 20 nsites= 20 E= 0
  0.228022	  0.136114	  0.293956	  0.341908	
  0.493756	  0.00025	  0.363886	  0.142108	
  0.261988	  0.495754	  0.118132	  0.124126	
  0.006244	  0.37987	  0.53971	  0.074176	
  0.24001	  0.21004	  0.002248	  0.547702	
  0.295954	  0.455794	  0.206044	  0.042208	
  0.547702	  0.068182	  0.383866	  0.00025	
  0.00025	  0.455794	  0.517732	  0.026224	
  0.032218	  0.615634	  0.226024	  0.126124	
  0.801448	  0.004246	  0.09016	  0.104146	
  0.084166	  0.016234	  0.803446	  0.096154	
  0.01024	  0.293956	  0.30994	  0.385864	
  0.186064	  0.132118	  0.00025	  0.681568	
  0.00025	  0.461788	  0.03022	  0.507742	
  0.178072	  0.00025	  0.503746	  0.317932	
  0.701548	  0.086164	  0.192058	  0.02023	
  0.006244	  0.363886	  0.52972	  0.10015	
  0.697552	  0.1501	  0.01024	  0.142108	
  0.491758	  0.255994	  0.222028	  0.03022	
  0.38986	  0.285964	  0.313936	  0.01024	

MOTIF motif_1 motif_1

letter-probability matrix: alength= 4 w= 20 nsites= 20 E= 0
  0.062188	  0.303946	  0.00025	  0.633616	
  0.042208	  0.571678	  0.006244	  0.37987	
  0.08017	  0.327922	  0.08017	  0.511738	
  0.271978	  0.317932	  0.188062	  0.222028	
  0.697552	  0.022228	  0.09016	  0.19006	
  0.447802	  0.09016	  0.43981	  0.022228	
  0.291958	  0.23002	  0.371878	  0.106144	
  0.176074	  0.375874	  0.228022	  0.22003	
  0.267982	  0.311938	  0.112138	  0.307942	
  0.164086	  0.325924	  0.295954	  0.214036	
  0.012238	  0.17008	  0.046204	  0.771478	
  0.052198	  0.707542	  0.098152	  0.142108	
  0.026224	  0.248002	  0.034216	  0.691558	
  0.004246	  0.132118	  0.074176	  0.78946	
  0.002248	  0.417832	  0.002248	  0.577672	
  0.128122	  0.303946	  0.126124	  0.441808	
  0.176074	  0.513736	  0.214036	  0.096154	
  0.054196	  0.084166	  0.118132	  0.743506	
  0.012238	  0.056194	  0.443806	  0.487762	
  0.297952	  0.307942	  0.094156	  0.29995	

MOTIF motif_2 motif_2

letter-probability matrix: alength= 4 w= 20 nsites= 20 E= 0
  0.463786	  0.461788	  0.04021	  0.034216	
  0.25999	  0.561688	  0.046204	  0.132118	
  0.01024	  0.02023	  0.008242	  0.961288	
  0.156094	  0.038212	  0.777472	  0.028222	
  0.094156	  0.00025	  0.787462	  0.118132	
  0.675574	  0.072178	  0.25	  0.002248	
  0.036214	  0.455794	  0.064186	  0.443806	
  0.9493	  0.00025	  0.048202	  0.002248	
  0.567682	  0.176074	  0.154096	  0.102148	
  0.641608	  0.283966	  0.068182	  0.006244	
  0.096154	  0.20005	  0.653596	  0.0502	
  0.431818	  0.275974	  0.17008	  0.122128	
  0.693556	  0.12013	  0.064186	  0.122128	
  0.775474	  0.064186	  0.106144	  0.054196	
  0.511738	  0.082168	  0.196054	  0.21004	
  0.142108	  0.096154	  0.421828	  0.33991	
  0.32992	  0.0502	  0.617632	  0.002248	
  0.118132	  0.0502	  0.425824	  0.405844	
  0.405844	  0.00025	  0.593656	  0.00025	
  0.327922	  0.228022	  0.417832	  0.026224	

MOTIF motif_3 motif_3

letter-probability matrix: alength= 4 w= 20 nsites= 20 E= 0
  0.012238	  0.006244	  0.002248	  0.97927	
  0.004246	  0.026224	  0.064186	  0.905344	
  0.024226	  0.523726	  0.08017	  0.371878	
  0.02023	  0.078172	  0.054196	  0.847402	
  0.004246	  0.683566	  0.12013	  0.192058	
  0.182068	  0.535714	  0.004246	  0.277972	
  0.066184	  0.04021	  0.124126	  0.76948	
  0.102148	  0.032218	  0.663586	  0.202048	
  0.02023	  0.681568	  0.012238	  0.285964	
  0.09016	  0.513736	  0.03022	  0.365884	
  0.024226	  0.054196	  0.154096	  0.767482	
  0.14011	  0.557692	  0.018232	  0.283966	
  0.511738	  0.03022	  0.22003	  0.238012	
  0.016234	  0.02023	  0.597652	  0.365884	
  0.00025	  0.601648	  0.002248	  0.395854	
  0.00025	  0.537712	  0.016234	  0.445804	
  0.01024	  0.052198	  0.018232	  0.91933	
  0.014236	  0.537712	  0.136114	  0.311938	
  0.00025	  0.615634	  0.004246	  0.37987	
  0.002248	  0.525724	  0.066184	  0.405844	

MOTIF motif_4 motif_4

letter-probability matrix: alength= 4 w= 20 nsites= 20 E= 0
  0.026224	  0.661588	  0.002248	  0.30994	
  0.128122	  0.813436	  0.028222	  0.03022	
  0.188062	  0.487762	  0.054196	  0.26998	
  0.078172	  0.052198	  0.53971	  0.32992	
  0.22003	  0.156094	  0.152098	  0.471778	
  0.46978	  0.104146	  0.251998	  0.174076	
  0.5497	  0.068182	  0.381868	  0.00025	
  0.413836	  0.116134	  0.40984	  0.06019	
  0.301948	  0.046204	  0.57967	  0.072178	
  0.411838	  0.034216	  0.461788	  0.092158	
  0.283966	  0.044206	  0.463786	  0.208042	
  0.048202	  0.583666	  0.004246	  0.363886	
  0.238012	  0.58966	  0.064186	  0.108142	
  0.333916	  0.397852	  0.09016	  0.178072	
  0.042208	  0.345904	  0.271978	  0.33991	
  0.112138	  0.086164	  0.441808	  0.35989	
  0.347902	  0.088162	  0.415834	  0.148102	
  0.263986	  0.343906	  0.271978	  0.12013	
  0.152098	  0.21004	  0.335914	  0.301948	
  0.214036	  0.084166	  0.423826	  0.277972	

MOTIF motif_5 motif_5

letter-probability matrix: alength= 4 w= 20 nsites= 20 E= 0
  0.08017	  0.713536	  0.062188	  0.144106	
  0.88936	  0.066184	  0.042208	  0.002248	
  0.094156	  0.102148	  0.791458	  0.012238	
  0.00025	  0.971278	  0.028222	  0.00025	
  0.00025	  0.72952	  0.00025	  0.26998	
  0.002248	  0.146104	  0.014236	  0.837412	
  0.114136	  0.022228	  0.835414	  0.028222	
  0.104146	  0.00025	  0.887362	  0.008242	
  0.04021	  0.134116	  0.825424	  0.00025	
  0.028222	  0.675574	  0.062188	  0.234016	
  0.194056	  0.026224	  0.57967	  0.20005	
  0.695554	  0.236014	  0.03022	  0.038212	
  0.07018	  0.793456	  0.006244	  0.13012	
  0.81943	  0.118132	  0.036214	  0.026224	
  0.08017	  0.00025	  0.91933	  0.00025	
  0.941308	  0.028222	  0.03022	  0.00025	
  0.00025	  0.00025	  0.997252	  0.002248	
  0.07018	  0.126124	  0.00025	  0.803446	
  0.116134	  0.066184	  0.683566	  0.134116	
  0.735514	  0.112138	  0.10015	  0.052198	

MOTIF motif_6 motif_6

letter-probability matrix: alength= 4 w= 20 nsites= 20 E= 0
  0.303946	  0.094156	  0.495754	  0.106144	
  0.571678	  0.106144	  0.054196	  0.267982	
  0.072178	  0.226024	  0.427822	  0.273976	
  0.503746	  0.022228	  0.377872	  0.096154	
  0.124126	  0.357892	  0.082168	  0.435814	
  0.082168	  0.098152	  0.002248	  0.817432	
  0.216034	  0.194056	  0.104146	  0.485764	
  0.0502	  0.615634	  0.01024	  0.323926	
  0.00025	  0.016234	  0.00025	  0.983266	
  0.19006	  0.421828	  0.024226	  0.363886	
  0.781468	  0.004246	  0.058192	  0.156094	
  0.671578	  0.112138	  0.126124	  0.09016	
  0.713536	  0.034216	  0.09016	  0.162088	
  0.5497	  0.042208	  0.393856	  0.014236	
  0.661588	  0.004246	  0.331918	  0.002248	
  0.551698	  0.062188	  0.291958	  0.094156	
  0.555694	  0.242008	  0.162088	  0.04021	
  0.461788	  0.01024	  0.391858	  0.136114	
  0.863386	  0.034216	  0.086164	  0.016234	
  0.691558	  0.22003	  0.058192	  0.03022	

MOTIF motif_7 motif_7

letter-probability matrix: alength= 4 w= 20 nsites= 20 E= 0
  0.953296	  0.002248	  0.042208	  0.002248	
  0.923326	  0.01024	  0.016234	  0.0502	
  0.743506	  0.028222	  0.194056	  0.034216	
  0.675574	  0.00025	  0.152098	  0.172078	
  0.767482	  0.014236	  0.198052	  0.02023	
  0.9493	  0.002248	  0.028222	  0.02023	
  0.93931	  0.01024	  0.038212	  0.012238	
  0.923326	  0.004246	  0.064186	  0.008242	
  0.925324	  0.002248	  0.062188	  0.01024	
  0.817432	  0.014236	  0.104146	  0.064186	
  0.577672	  0.01024	  0.232018	  0.18007	
  0.611638	  0.098152	  0.206044	  0.084166	
  0.78946	  0.014236	  0.09016	  0.106144	
  0.773476	  0.036214	  0.112138	  0.078172	
  0.797452	  0.03022	  0.112138	  0.06019	
  0.761488	  0.044206	  0.122128	  0.072178	
  0.837412	  0.026224	  0.122128	  0.014236	
  0.541708	  0.012238	  0.417832	  0.028222	
  0.815434	  0.012238	  0.132118	  0.04021	
  0.743506	  0.004246	  0.214036	  0.038212	

MOTIF motif_8 motif_8

letter-probability matrix: alength= 4 w= 20 nsites= 20 E= 0
  0.327339	  0.410096	  0.004191	  0.258374	
  0.447534	  0.157883	  0.209114	  0.185469	
  0.228818	  0.006161	  0.00025	  0.764771	
  0.408126	  0.518469	  0.017984	  0.055422	
  0.175617	  0.071185	  0.00025	  0.752948	
  0.240641	  0.435712	  0.004191	  0.319457	
  0.672161	  0.031777	  0.004191	  0.291871	
  0.940138	  0.00025	  0.016013	  0.043599	
  0.912552	  0.055422	  0.00222	  0.029806	
  0.922404	  0.006161	  0.00025	  0.071185	
  0.910581	  0.043599	  0.00025	  0.04557	
  0.859351	  0.004191	  0.004191	  0.132268	
  0.642605	  0.012072	  0.012072	  0.33325	
  0.7628	  0.004191	  0.004191	  0.228818	
  0.946049	  0.006161	  0.00025	  0.04754	
  0.924374	  0.033747	  0.00025	  0.041629	
  0.920433	  0.008132	  0.00025	  0.071185	
  0.812061	  0.012072	  0.00025	  0.175617	
  0.837676	  0.00025	  0.008132	  0.153942	
  0.691865	  0.04951	  0.029806	  0.228818	

MOTIF motif_9 motif_9

letter-probability matrix: alength= 4 w= 20 nsites= 20 E= 0
  0.421828	  0.006244	  0.545704	  0.026224	
  0.172078	  0.126124	  0.084166	  0.617632	
  0.118132	  0.006244	  0.52972	  0.345904	
  0.62962	  0.006244	  0.355894	  0.008242	
  0.126124	  0.006244	  0.763486	  0.104146	
  0.176074	  0.038212	  0.657592	  0.128122	
  0.00025	  0.375874	  0.255994	  0.367882	
  0.507742	  0.335914	  0.106144	  0.0502	
  0.082168	  0.465784	  0.03022	  0.421828	
  0.112138	  0.655594	  0.00025	  0.232018	
  0.257992	  0.174076	  0.008242	  0.55969	
  0.186064	  0.431818	  0.116134	  0.265984	
  0.463786	  0.134116	  0.088162	  0.313936	
  0.124126	  0.435814	  0.134116	  0.305944	
  0.261988	  0.52972	  0.084166	  0.124126	
  0.415834	  0.407842	  0.004246	  0.172078	
  0.33991	  0.226024	  0.042208	  0.391858	
  0.53971	  0.016234	  0.25	  0.194056	
  0.052198	  0.004246	  0.533716	  0.40984	
  0.066184	  0.042208	  0.735514	  0.156094	

MOTIF motif_10 motif_10

letter-probability matrix: alength= 4 w= 20 nsites= 20 E= 0
  0.325924	  0.182068	  0.196054	  0.295954	
  0.014236	  0.53971	  0.345904	  0.10015	
  0.104146	  0.102148	  0.467782	  0.325924	
  0.004246	  0.743506	  0.004246	  0.248002	
  0.006244	  0.565684	  0.317932	  0.11014	
  0.291958	  0.018232	  0.305944	  0.383866	
  0.008242	  0.214036	  0.775474	  0.002248	
  0.28996	  0.517732	  0.084166	  0.108142	
  0.094156	  0.527722	  0.351898	  0.026224	
  0.273976	  0.16009	  0.186064	  0.37987	
  0.004246	  0.773476	  0.212038	  0.01024	
  0.335914	  0.427822	  0.034216	  0.202048	
  0.13012	  0.242008	  0.621628	  0.006244	
  0.21004	  0.513736	  0.118132	  0.158092	
  0.064186	  0.265984	  0.66958	  0.00025	
  0.19006	  0.257992	  0.297952	  0.253996	
  0.002248	  0.875374	  0.052198	  0.07018	
  0.068182	  0.096154	  0.04021	  0.795454	
  0.062188	  0.547702	  0.36988	  0.02023	
  0.297952	  0.495754	  0.196054	  0.01024	

MOTIF motif_11 motif_11

letter-probability matrix: alength= 4 w= 20 nsites= 20 E= 0
  0.062188	  0.002248	  0.791458	  0.144106	
  0.00025	  0.407842	  0.487762	  0.104146	
  0.671578	  0.024226	  0.29995	  0.004246	
  0.002248	  0.012238	  0.605644	  0.37987	
  0.00025	  0.078172	  0.026224	  0.895354	
  0.228022	  0.018232	  0.753496	  0.00025	
  0.433816	  0.307942	  0.004246	  0.253996	
  0.345904	  0.00025	  0.653596	  0.00025	
  0.01024	  0.623626	  0.353896	  0.012238	
  0.016234	  0.57967	  0.351898	  0.052198	
  0.186064	  0.244006	  0.42982	  0.14011	
  0.55969	  0.146104	  0.20005	  0.094156	
  0.00025	  0.341908	  0.405844	  0.251998	
  0.605644	  0.088162	  0.305944	  0.00025	
  0.00025	  0.184066	  0.00025	  0.815434	
  0.188062	  0.397852	  0.403846	  0.01024	
  0.042208	  0.503746	  0.441808	  0.012238	
  0.048202	  0.637612	  0.01024	  0.303946	
  0.445804	  0.273976	  0.275974	  0.004246	
  0.018232	  0.92932	  0.00025	  0.052198	

MOTIF motif_12 motif_12

letter-probability matrix: alength= 4 w= 20 nsites= 20 E= 0
  0.002244	  0.530657	  0.365154	  0.101945	
  0.103939	  0.72607	  0.131855	  0.038136	
  0.00025	  0.397058	  0.00025	  0.602442	
  0.155783	  0.00025	  0.843717	  0.00025	
  0.751993	  0.00025	  0.221585	  0.026172	
  0.006232	  0.143819	  0.604436	  0.245513	
  0.528663	  0.347208	  0.119891	  0.004238	
  0.01022	  0.032154	  0.181705	  0.775921	
  0.00025	  0.875621	  0.006232	  0.117897	
  0.566549	  0.032154	  0.39307	  0.008226	
  0.06007	  0.466849	  0.34322	  0.129861	
  0.331256	  0.002244	  0.664256	  0.002244	
  0.167747	  0.468843	  0.00025	  0.36316	
  0.054088	  0.315304	  0.524675	  0.105933	
  0.755981	  0.111915	  0.062064	  0.07004	
  0.00025	  0.365154	  0.00025	  0.634346	
  0.00025	  0.299352	  0.00025	  0.700148	
  0.046112	  0.103939	  0.753987	  0.095963	
  0.213609	  0.420987	  0.151795	  0.213609	
  0.59646	  0.219591	  0.181705	  0.002244	

MOTIF motif_13 motif_13

letter-probability matrix: alength= 4 w= 20 nsites= 20 E= 0
  0.91023	  0.006185	  0.083335	  0.00025	
  0.975511	  0.02201	  0.002228	  0.00025	
  0.002228	  0.03388	  0.00025	  0.963642	
  0.014098	  0.957707	  0.00025	  0.027945	
  0.004206	  0.837036	  0.010141	  0.148616	
  0.002228	  0.985402	  0.00025	  0.012119	
  0.993315	  0.00025	  0.006185	  0.00025	
  0.085313	  0.023989	  0.874622	  0.016076	
  0.004206	  0.979468	  0.016076	  0.00025	
  0.837036	  0.008163	  0.00025	  0.154551	
  0.002228	  0.987381	  0.00025	  0.010141	
  0.156529	  0.035858	  0.018054	  0.789559	
  0.02201	  0.184224	  0.004206	  0.789559	
  0.00025	  0.00025	  0.004206	  0.995294	
  0.002228	  0.002228	  0.995294	  0.00025	
  0.00025	  0.16642	  0.813298	  0.020032	
  0.196094	  0.008163	  0.795494	  0.00025	
  0.989359	  0.006185	  0.00025	  0.004206	
  0.00025	  0.176311	  0.787581	  0.035858	
  0.039814	  0.162464	  0.755929	  0.041793	

MOTIF motif_14 motif_14

letter-probability matrix: alength= 4 w= 20 nsites= 20 E= 0
  0.65959	  0.084166	  0.23002	  0.026224	
  0.263986	  0.645604	  0.034216	  0.056194	
  0.164086	  0.685564	  0.102148	  0.048202	
  0.761488	  0.086164	  0.138112	  0.014236	
  0.038212	  0.058192	  0.821428	  0.082168	
  0.068182	  0.727522	  0.186064	  0.018232	
  0.08017	  0.905344	  0.014236	  0.00025	
  0.004246	  0.106144	  0.006244	  0.883366	
  0.118132	  0.014236	  0.863386	  0.004246	
  0.014236	  0.024226	  0.815434	  0.146104	
  0.074176	  0.178072	  0.665584	  0.082168	
  0.01024	  0.835414	  0.028222	  0.126124	
  0.865384	  0.044206	  0.09016	  0.00025	
  0.665584	  0.232018	  0.058192	  0.044206	
  0.164086	  0.76948	  0.048202	  0.018232	
  0.823426	  0.04021	  0.124126	  0.012238	
  0.074176	  0.25	  0.006244	  0.66958	
  0.423826	  0.13012	  0.425824	  0.02023	
  0.076174	  0.124126	  0.773476	  0.026224	
  0.004246	  0.66958	  0.07018	  0.255994	

MOTIF motif_15 motif_15

letter-probability matrix: alength= 4 w= 20 nsites= 20 E= 0
  0.00025	  0.00025	  0.00025	  0.99925	
  0.367882	  0.305944	  0.00025	  0.325924	
  0.042208	  0.393856	  0.345904	  0.218032	
  0.024226	  0.72952	  0.022228	  0.224026	
  0.325924	  0.363886	  0.004246	  0.305944	
  0.365884	  0.044206	  0.491758	  0.098152	
  0.082168	  0.232018	  0.671578	  0.014236	
  0.04021	  0.00025	  0.337912	  0.621628	
  0.605644	  0.01024	  0.04021	  0.343906	
  0.00025	  0.417832	  0.561688	  0.02023	
  0.212038	  0.004246	  0.002248	  0.781468	
  0.006244	  0.212038	  0.647602	  0.134116	
  0.248002	  0.01024	  0.741508	  0.00025	
  0.032218	  0.25	  0.367882	  0.3499	
  0.092158	  0.006244	  0.863386	  0.038212	
  0.333916	  0.00025	  0.657592	  0.008242	
  0.00025	  0.126124	  0.663586	  0.21004	
  0.004246	  0.008242	  0.861388	  0.126124	
  0.068182	  0.447802	  0.184066	  0.29995	
  0.004246	  0.062188	  0.353896	  0.57967	

MOTIF motif_16 motif_16

letter-probability matrix: alength= 4 w= 20 nsites= 20 E= 0
  0.068182	  0.431818	  0.044206	  0.455794	
  0.158092	  0.034216	  0.793456	  0.014236	
  0.02023	  0.947302	  0.014236	  0.018232	
  0.02023	  0.941308	  0.026224	  0.012238	
  0.951298	  0.00025	  0.048202	  0.00025	
  0.00025	  0.973276	  0.026224	  0.00025	
  0.024226	  0.967282	  0.00025	  0.008242	
  0.961288	  0.008242	  0.022228	  0.008242	
  0.054196	  0.43981	  0.072178	  0.433816	
  0.373876	  0.006244	  0.595654	  0.024226	
  0.01024	  0.95929	  0.01024	  0.02023	
  0.006244	  0.845404	  0.0502	  0.098152	
  0.002248	  0.797452	  0.00025	  0.20005	
  0.46978	  0.016234	  0.501748	  0.012238	
  0.004246	  0.006244	  0.987262	  0.002248	
  0.00025	  0.967282	  0.002248	  0.03022	
  0.00025	  0.00025	  0.048202	  0.951298	
  0.92932	  0.00025	  0.07018	  0.00025	
  0.931318	  0.068182	  0.00025	  0.00025	
  0.022228	  0.00025	  0.008242	  0.96928	

MOTIF motif_17 motif_17

letter-probability matrix: alength= 4 w= 20 nsites= 20 E= 0
  0.345904	  0.076174	  0.577672	  0.00025	
  0.0502	  0.291958	  0.004246	  0.653596	
  0.012238	  0.961288	  0.00025	  0.026224	
  0.022228	  0.154096	  0.00025	  0.823426	
  0.00025	  0.92932	  0.00025	  0.07018	
  0.705544	  0.012238	  0.054196	  0.228022	
  0.517732	  0.012238	  0.46978	  0.00025	
  0.301948	  0.585664	  0.004246	  0.108142	
  0.036214	  0.503746	  0.00025	  0.45979	
  0.301948	  0.042208	  0.068182	  0.587662	
  0.014236	  0.905344	  0.04021	  0.04021	
  0.002248	  0.723526	  0.012238	  0.261988	
  0.00025	  0.507742	  0.004246	  0.487762	
  0.447802	  0.008242	  0.543706	  0.00025	
  0.184066	  0.00025	  0.803446	  0.012238	
  0.02023	  0.212038	  0.765484	  0.002248	
  0.22003	  0.747502	  0.006244	  0.026224	
  0.054196	  0.002248	  0.212038	  0.731518	
  0.048202	  0.497752	  0.437812	  0.016234	
  0.555694	  0.301948	  0.142108	  0.00025	

MOTIF motif_18 motif_18

letter-probability matrix: alength= 4 w= 20 nsites= 20 E= 0
  0.036214	  0.008242	  0.058192	  0.897352	
  0.034216	  0.032218	  0.028222	  0.905344	
  0.046204	  0.08017	  0.006244	  0.867382	
  0.00025	  0.008242	  0.006244	  0.985264	
  0.002248	  0.00025	  0.002248	  0.995254	
  0.00025	  0.012238	  0.00025	  0.987262	
  0.03022	  0.002248	  0.012238	  0.955294	
  0.002248	  0.00025	  0.00025	  0.997252	
  0.00025	  0.00025	  0.002248	  0.997252	
  0.018232	  0.00025	  0.014236	  0.967282	
  0.02023	  0.006244	  0.002248	  0.971278	
  0.03022	  0.002248	  0.024226	  0.943306	
  0.01024	  0.00025	  0.034216	  0.955294	
  0.006244	  0.00025	  0.004246	  0.98926	
  0.01024	  0.00025	  0.004246	  0.985264	
  0.016234	  0.04021	  0.136114	  0.807442	
  0.242008	  0.09016	  0.21004	  0.457792	
  0.09016	  0.038212	  0.391858	  0.47977	
  0.455794	  0.002248	  0.134116	  0.407842	
  0.136114	  0.028222	  0.295954	  0.53971	

MOTIF motif_19 motif_19

letter-probability matrix: alength= 4 w= 20 nsites= 20 E= 0
  0.1501	  0.847402	  0.002248	  0.00025	
  0.00025	  0.937312	  0.00025	  0.062188	
  0.054196	  0.735514	  0.00025	  0.21004	
  0.411838	  0.172078	  0.40984	  0.006244	
  0.753496	  0.158092	  0.048202	  0.04021	
  0.066184	  0.19006	  0.743506	  0.00025	
  0.18007	  0.026224	  0.00025	  0.793456	
  0.78946	  0.184066	  0.026224	  0.00025	
  0.07018	  0.00025	  0.771478	  0.158092	
  0.086164	  0.865384	  0.006244	  0.042208	
  0.00025	  0.162088	  0.004246	  0.833416	
  0.152098	  0.084166	  0.671578	  0.092158	
  0.12013	  0.078172	  0.76948	  0.032218	
  0.242008	  0.002248	  0.747502	  0.008242	
  0.843406	  0.114136	  0.042208	  0.00025	
  0.14011	  0.144106	  0.00025	  0.715534	
  0.323926	  0.00025	  0.00025	  0.675574	
  0.935314	  0.002248	  0.022228	  0.04021	
  0.054196	  0.45979	  0.00025	  0.485764	
  0.70954	  0.002248	  0.002248	  0.285964	
