MEME version 4

ALPHABET= HIMS

strands: + -

Background letter frequencies (from uniform background):
H 0.25000 I 0.25000 M 0.25000 S 0.25000

MOTIF motif_0 motif_0

letter-probability matrix: alength= 4 w= 20 nsites= 20 E= 0
  0.0502	  0.265984	  0.184066	  0.49975	
  0.10015	  0.246004	  0.198052	  0.455794	
  0.226024	  0.094156	  0.164086	  0.515734	
  0.236014	  0.072178	  0.102148	  0.58966	
  0.228022	  0.088162	  0.07018	  0.613636	
  0.064186	  0.074176	  0.072178	  0.78946	
  0.058192	  0.062188	  0.074176	  0.805444	
  0.07018	  0.036214	  0.082168	  0.811438	
  0.148102	  0.236014	  0.054196	  0.561688	
  0.1501	  0.363886	  0.086164	  0.39985	
  0.202048	  0.20005	  0.078172	  0.51973	
  0.21004	  0.08017	  0.082168	  0.627622	
  0.18007	  0.152098	  0.082168	  0.585664	
  0.22003	  0.1501	  0.106144	  0.523726	
  0.242008	  0.1501	  0.132118	  0.475774	
  0.251998	  0.132118	  0.148102	  0.467782	
  0.263986	  0.074176	  0.158092	  0.503746	
  0.267982	  0.094156	  0.202048	  0.435814	
  0.21004	  0.214036	  0.158092	  0.417832	
  0.20005	  0.271978	  0.146104	  0.381868	

MOTIF motif_1 motif_1

letter-probability matrix: alength= 4 w= 20 nsites= 20 E= 0
  0.112138	  0.11014	  0.08017	  0.697552	
  0.116134	  0.192058	  0.064186	  0.627622	
  0.108142	  0.0502	  0.07018	  0.771478	
  0.096154	  0.142108	  0.08017	  0.681568	
  0.084166	  0.216034	  0.098152	  0.601648	
  0.048202	  0.222028	  0.086164	  0.643606	
  0.044206	  0.238012	  0.086164	  0.631618	
  0.042208	  0.337912	  0.112138	  0.507742	
  0.03022	  0.216034	  0.092158	  0.661588	
  0.032218	  0.118132	  0.07018	  0.77947	
  0.028222	  0.078172	  0.026224	  0.867382	
  0.032218	  0.062188	  0.036214	  0.86938	
  0.06019	  0.114136	  0.0502	  0.775474	
  0.078172	  0.138112	  0.064186	  0.71953	
  0.124126	  0.106144	  0.078172	  0.691558	
  0.174076	  0.132118	  0.066184	  0.627622	
  0.202048	  0.086164	  0.078172	  0.633616	
  0.216034	  0.066184	  0.098152	  0.61963	
  0.196054	  0.068182	  0.118132	  0.617632	
  0.178072	  0.084166	  0.12013	  0.617632	

MOTIF motif_2 motif_2

letter-probability matrix: alength= 4 w= 20 nsites= 20 E= 0
  0.128122	  0.206044	  0.132118	  0.533716	
  0.096154	  0.18007	  0.078172	  0.645604	
  0.078172	  0.078172	  0.062188	  0.781468	
  0.076174	  0.104146	  0.072178	  0.747502	
  0.108142	  0.158092	  0.126124	  0.607642	
  0.102148	  0.136114	  0.21004	  0.551698	
  0.098152	  0.08017	  0.212038	  0.60964	
  0.112138	  0.18007	  0.251998	  0.455794	
  0.092158	  0.295954	  0.29995	  0.311938	
  0.074176	  0.206044	  0.293956	  0.425824	
  0.072178	  0.212038	  0.283966	  0.431818	
  0.078172	  0.26998	  0.277972	  0.373876	
  0.07018	  0.303946	  0.313936	  0.311938	
  0.086164	  0.295954	  0.315934	  0.301948	
  0.082168	  0.28996	  0.287962	  0.33991	
  0.086164	  0.158092	  0.17008	  0.585664	
  0.098152	  0.114136	  0.148102	  0.63961	
  0.154096	  0.136114	  0.166084	  0.543706	
  0.178072	  0.116134	  0.152098	  0.553696	
  0.261988	  0.092158	  0.124126	  0.521728	

MOTIF motif_3 motif_3

letter-probability matrix: alength= 4 w= 20 nsites= 20 E= 0
  0.4498	  0.297952	  0.114136	  0.138112	
  0.433816	  0.317932	  0.062188	  0.186064	
  0.4498	  0.192058	  0.042208	  0.315934	
  0.521728	  0.29995	  0.04021	  0.138112	
  0.355894	  0.166084	  0.092158	  0.385864	
  0.281968	  0.17008	  0.042208	  0.505744	
  0.166084	  0.168082	  0.10015	  0.565684	
  0.082168	  0.132118	  0.08017	  0.705544	
  0.07018	  0.251998	  0.156094	  0.521728	
  0.07018	  0.317932	  0.056194	  0.555694	
  0.032218	  0.277972	  0.072178	  0.617632	
  0.056194	  0.30994	  0.06019	  0.573676	
  0.042208	  0.206044	  0.072178	  0.67957	
  0.092158	  0.212038	  0.046204	  0.6496	
  0.074176	  0.311938	  0.07018	  0.543706	
  0.092158	  0.453796	  0.078172	  0.375874	
  0.114136	  0.483766	  0.08017	  0.321928	
  0.092158	  0.3499	  0.216034	  0.341908	
  0.218032	  0.321928	  0.224026	  0.236014	
  0.21004	  0.226024	  0.206044	  0.357892	

MOTIF motif_4 motif_4

letter-probability matrix: alength= 4 w= 20 nsites= 20 E= 0
  0.142108	  0.138112	  0.084166	  0.635614	
  0.116134	  0.064186	  0.102148	  0.717532	
  0.146104	  0.038212	  0.11014	  0.705544	
  0.194056	  0.114136	  0.112138	  0.57967	
  0.212038	  0.202048	  0.12013	  0.465784	
  0.212038	  0.148102	  0.106144	  0.533716	
  0.174076	  0.11014	  0.052198	  0.663586	
  0.134116	  0.17008	  0.046204	  0.6496	
  0.062188	  0.182068	  0.038212	  0.717532	
  0.054196	  0.188062	  0.032218	  0.725524	
  0.046204	  0.198052	  0.022228	  0.733516	
  0.034216	  0.164086	  0.024226	  0.777472	
  0.042208	  0.253996	  0.048202	  0.655594	
  0.068182	  0.236014	  0.038212	  0.657592	
  0.092158	  0.277972	  0.076174	  0.553696	
  0.136114	  0.166084	  0.088162	  0.60964	
  0.17008	  0.216034	  0.108142	  0.505744	
  0.182068	  0.148102	  0.098152	  0.571678	
  0.19006	  0.164086	  0.084166	  0.561688	
  0.182068	  0.244006	  0.064186	  0.50974	

MOTIF motif_5 motif_5

letter-probability matrix: alength= 4 w= 20 nsites= 20 E= 0
  0.022228	  0.174076	  0.118132	  0.685564	
  0.014236	  0.403846	  0.148102	  0.433816	
  0.01024	  0.403846	  0.11014	  0.475774	
  0.008242	  0.072178	  0.014236	  0.905344	
  0.006244	  0.092158	  0.014236	  0.887362	
  0.002248	  0.068182	  0.012238	  0.917332	
  0.058192	  0.054196	  0.036214	  0.851398	
  0.102148	  0.038212	  0.026224	  0.833416	
  0.108142	  0.104146	  0.014236	  0.773476	
  0.114136	  0.248002	  0.038212	  0.59965	
  0.186064	  0.443806	  0.114136	  0.255994	
  0.168082	  0.435814	  0.11014	  0.285964	
  0.17008	  0.375874	  0.114136	  0.33991	
  0.174076	  0.357892	  0.088162	  0.37987	
  0.128122	  0.072178	  0.062188	  0.737512	
  0.132118	  0.152098	  0.046204	  0.66958	
  0.054196	  0.034216	  0.034216	  0.877372	
  0.036214	  0.074176	  0.012238	  0.877372	
  0.072178	  0.128122	  0.044206	  0.755494	
  0.084166	  0.086164	  0.052198	  0.777472	

MOTIF motif_6 motif_6

letter-probability matrix: alength= 4 w= 20 nsites= 20 E= 0
  0.09016	  0.13012	  0.192058	  0.587662	
  0.088162	  0.128122	  0.212038	  0.571678	
  0.08017	  0.10015	  0.226024	  0.593656	
  0.08017	  0.13012	  0.297952	  0.491758	
  0.078172	  0.08017	  0.25	  0.591658	
  0.074176	  0.122128	  0.257992	  0.545704	
  0.062188	  0.142108	  0.271978	  0.523726	
  0.052198	  0.156094	  0.26998	  0.521728	
  0.052198	  0.16009	  0.293956	  0.493756	
  0.204046	  0.154096	  0.323926	  0.317932	
  0.234016	  0.12013	  0.353896	  0.291958	
  0.232018	  0.142108	  0.351898	  0.273976	
  0.236014	  0.116134	  0.337912	  0.30994	
  0.074176	  0.104146	  0.325924	  0.495754	
  0.044206	  0.074176	  0.273976	  0.607642	
  0.052198	  0.094156	  0.242008	  0.611638	
  0.066184	  0.082168	  0.25	  0.601648	
  0.092158	  0.088162	  0.251998	  0.567682	
  0.118132	  0.172078	  0.3499	  0.35989	
  0.148102	  0.188062	  0.363886	  0.29995	

MOTIF motif_7 motif_7

letter-probability matrix: alength= 4 w= 20 nsites= 20 E= 0
  0.224026	  0.11014	  0.46978	  0.196054	
  0.24001	  0.098152	  0.481768	  0.18007	
  0.236014	  0.088162	  0.531718	  0.144106	
  0.228022	  0.088162	  0.525724	  0.158092	
  0.236014	  0.086164	  0.517732	  0.16009	
  0.25	  0.098152	  0.533716	  0.118132	
  0.267982	  0.088162	  0.533716	  0.11014	
  0.26998	  0.072178	  0.531718	  0.126124	
  0.281968	  0.092158	  0.507742	  0.118132	
  0.257992	  0.082168	  0.45979	  0.20005	
  0.267982	  0.098152	  0.425824	  0.208042	
  0.27997	  0.074176	  0.415834	  0.23002	
  0.287962	  0.086164	  0.387862	  0.238012	
  0.325924	  0.094156	  0.375874	  0.204046	
  0.35989	  0.122128	  0.371878	  0.146104	
  0.373876	  0.094156	  0.323926	  0.208042	
  0.37987	  0.102148	  0.317932	  0.20005	
  0.401848	  0.092158	  0.295954	  0.21004	
  0.373876	  0.046204	  0.287962	  0.291958	
  0.381868	  0.09016	  0.283966	  0.244006	

MOTIF motif_8 motif_8

letter-probability matrix: alength= 4 w= 20 nsites= 20 E= 0
  0.122416	  0.063303	  0.258374	  0.555907	
  0.110593	  0.065274	  0.252463	  0.57167	
  0.153942	  0.073155	  0.213055	  0.559848	
  0.187439	  0.065274	  0.211084	  0.536203	
  0.165765	  0.059362	  0.301723	  0.473149	
  0.199262	  0.04557	  0.323398	  0.431771	
  0.313546	  0.025865	  0.447534	  0.213055	
  0.313546	  0.029806	  0.510587	  0.146061	
  0.299753	  0.059362	  0.481031	  0.159854	
  0.301723	  0.04951	  0.502706	  0.146061	
  0.325368	  0.016013	  0.532262	  0.126357	
  0.33128	  0.04754	  0.510587	  0.110593	
  0.337191	  0.055422	  0.504676	  0.102712	
  0.386451	  0.035717	  0.492854	  0.084978	
  0.38054	  0.055422	  0.467238	  0.0968	
  0.372658	  0.035717	  0.530291	  0.061333	
  0.390392	  0.04951	  0.486942	  0.073155	
  0.349013	  0.025865	  0.508617	  0.116504	
  0.362806	  0.04754	  0.486942	  0.102712	
  0.356895	  0.053451	  0.449504	  0.140149	

MOTIF motif_9 motif_9

letter-probability matrix: alength= 4 w= 20 nsites= 20 E= 0
  0.098152	  0.118132	  0.11014	  0.673576	
  0.116134	  0.108142	  0.088162	  0.687562	
  0.128122	  0.09016	  0.052198	  0.72952	
  0.134116	  0.11014	  0.04021	  0.715534	
  0.108142	  0.04021	  0.028222	  0.823426	
  0.128122	  0.066184	  0.038212	  0.767482	
  0.204046	  0.062188	  0.074176	  0.65959	
  0.22003	  0.136114	  0.104146	  0.53971	
  0.244006	  0.134116	  0.108142	  0.513736	
  0.23002	  0.172078	  0.096154	  0.501748	
  0.263986	  0.176074	  0.106144	  0.453796	
  0.273976	  0.18007	  0.116134	  0.42982	
  0.275974	  0.14011	  0.108142	  0.475774	
  0.22003	  0.112138	  0.086164	  0.581668	
  0.222028	  0.116134	  0.10015	  0.561688	
  0.246004	  0.12013	  0.114136	  0.51973	
  0.228022	  0.122128	  0.092158	  0.557692	
  0.166084	  0.102148	  0.086164	  0.645604	
  0.136114	  0.064186	  0.096154	  0.703546	
  0.154096	  0.068182	  0.094156	  0.683566	

MOTIF motif_10 motif_10

letter-probability matrix: alength= 4 w= 20 nsites= 20 E= 0
  0.13012	  0.293956	  0.104146	  0.471778	
  0.13012	  0.098152	  0.102148	  0.66958	
  0.11014	  0.052198	  0.052198	  0.785464	
  0.102148	  0.13012	  0.06019	  0.707542	
  0.094156	  0.148102	  0.06019	  0.697552	
  0.094156	  0.196054	  0.038212	  0.671578	
  0.074176	  0.102148	  0.026224	  0.797452	
  0.064186	  0.192058	  0.038212	  0.705544	
  0.04021	  0.236014	  0.038212	  0.685564	
  0.03022	  0.224026	  0.078172	  0.667582	
  0.028222	  0.172078	  0.068182	  0.731518	
  0.042208	  0.16009	  0.09016	  0.707542	
  0.044206	  0.10015	  0.0502	  0.805444	
  0.058192	  0.122128	  0.036214	  0.783466	
  0.118132	  0.048202	  0.03022	  0.803446	
  0.17008	  0.11014	  0.032218	  0.687562	
  0.263986	  0.098152	  0.078172	  0.55969	
  0.28996	  0.134116	  0.084166	  0.491758	
  0.261988	  0.086164	  0.104146	  0.547702	
  0.242008	  0.116134	  0.09016	  0.551698	

MOTIF motif_11 motif_11

letter-probability matrix: alength= 4 w= 20 nsites= 20 E= 0
  0.052198	  0.034216	  0.01024	  0.903346	
  0.062188	  0.058192	  0.004246	  0.875374	
  0.038212	  0.178072	  0.008242	  0.775474	
  0.042208	  0.162088	  0.026224	  0.76948	
  0.054196	  0.188062	  0.058192	  0.69955	
  0.062188	  0.182068	  0.06019	  0.695554	
  0.082168	  0.487762	  0.06019	  0.36988	
  0.078172	  0.184066	  0.10015	  0.637612	
  0.082168	  0.106144	  0.002248	  0.80944	
  0.12013	  0.072178	  0.004246	  0.803446	
  0.164086	  0.038212	  0.006244	  0.791458	
  0.615634	  0.04021	  0.004246	  0.33991	
  0.713536	  0.038212	  0.01024	  0.238012	
  0.705544	  0.0502	  0.01024	  0.234016	
  0.68956	  0.068182	  0.02023	  0.222028	
  0.25	  0.07018	  0.026224	  0.653596	
  0.20005	  0.018232	  0.022228	  0.75949	
  0.07018	  0.335914	  0.032218	  0.561688	
  0.056194	  0.202048	  0.056194	  0.685564	
  0.056194	  0.18007	  0.048202	  0.715534	

MOTIF motif_12 motif_12

letter-probability matrix: alength= 4 w= 20 nsites= 20 E= 0
  0.145813	  0.123879	  0.014208	  0.7161	
  0.135843	  0.179711	  0.022184	  0.662262	
  0.149801	  0.06007	  0.022184	  0.767945	
  0.171735	  0.074028	  0.046112	  0.708124	
  0.640328	  0.135843	  0.056082	  0.167747	
  0.632352	  0.072034	  0.054088	  0.241525	
  0.572531	  0.046112	  0.052094	  0.329262	
  0.526669	  0.038136	  0.052094	  0.3831	
  0.095963	  0.038136	  0.046112	  0.819789	
  0.076022	  0.083999	  0.066052	  0.773927	
  0.014208	  0.233549	  0.06007	  0.692172	
  0.02019	  0.149801	  0.064058	  0.765951	
  0.034148	  0.307328	  0.087987	  0.570537	
  0.028166	  0.179711	  0.089981	  0.702142	
  0.03016	  0.36316	  0.121885	  0.484795	
  0.03016	  0.183699	  0.095963	  0.690178	
  0.01022	  0.203639	  0.105933	  0.680208	
  0.018196	  0.219591	  0.089981	  0.672232	
  0.022184	  0.141825	  0.06007	  0.775921	
  0.034148	  0.30334	  0.072034	  0.590478	

MOTIF motif_13 motif_13

letter-probability matrix: alength= 4 w= 20 nsites= 20 E= 0
  0.130812	  0.714387	  0.039814	  0.114987	
  0.154551	  0.74406	  0.045749	  0.05564	
  0.158507	  0.136747	  0.037836	  0.666909	
  0.156529	  0.029923	  0.023989	  0.789559	
  0.154551	  0.051684	  0.025967	  0.767799	
  0.126856	  0.029923	  0.023989	  0.819232	
  0.114987	  0.03388	  0.041793	  0.809341	
  0.023989	  0.067509	  0.031901	  0.8766	
  0.57789	  0.057618	  0.004206	  0.360286	
  0.575911	  0.265331	  0.010141	  0.148616	
  0.579868	  0.029923	  0.006185	  0.384024	
  0.571955	  0.016076	  0.008163	  0.403806	
  0.02201	  0.087292	  0.010141	  0.880557	
  0.002228	  0.035858	  0.008163	  0.953751	
  0.00025	  0.047727	  0.004206	  0.947816	
  0.00025	  0.083335	  0.018054	  0.898361	
  0.016076	  0.079379	  0.025967	  0.878579	
  0.018054	  0.241593	  0.039814	  0.700539	
  0.020032	  0.662953	  0.035858	  0.281157	
  0.016076	  0.56602	  0.018054	  0.39985	

MOTIF motif_14 motif_14

letter-probability matrix: alength= 4 w= 20 nsites= 20 E= 0
  0.172078	  0.202048	  0.204046	  0.421828	
  0.14011	  0.18007	  0.194056	  0.485764	
  0.092158	  0.128122	  0.166084	  0.613636	
  0.074176	  0.18007	  0.192058	  0.553696	
  0.054196	  0.06019	  0.074176	  0.811438	
  0.046204	  0.042208	  0.044206	  0.867382	
  0.042208	  0.036214	  0.034216	  0.887362	
  0.028222	  0.086164	  0.026224	  0.85939	
  0.026224	  0.10015	  0.024226	  0.8494	
  0.102148	  0.058192	  0.032218	  0.807442	
  0.118132	  0.066184	  0.034216	  0.781468	
  0.184066	  0.086164	  0.072178	  0.657592	
  0.281968	  0.246004	  0.291958	  0.18007	
  0.283966	  0.238012	  0.267982	  0.21004	
  0.218032	  0.186064	  0.24001	  0.355894	
  0.208042	  0.214036	  0.182068	  0.395854	
  0.148102	  0.253996	  0.106144	  0.491758	
  0.094156	  0.086164	  0.088162	  0.731518	
  0.02023	  0.052198	  0.056194	  0.871378	
  0.018232	  0.124126	  0.058192	  0.79945	

MOTIF motif_15 motif_15

letter-probability matrix: alength= 4 w= 20 nsites= 20 E= 0
  0.108142	  0.218032	  0.24001	  0.433816	
  0.118132	  0.108142	  0.206044	  0.567682	
  0.118132	  0.142108	  0.142108	  0.597652	
  0.048202	  0.042208	  0.114136	  0.795454	
  0.076174	  0.13012	  0.066184	  0.727522	
  0.068182	  0.114136	  0.018232	  0.79945	
  0.12013	  0.086164	  0.014236	  0.77947	
  0.12013	  0.14011	  0.018232	  0.721528	
  0.11014	  0.385864	  0.044206	  0.45979	
  0.086164	  0.214036	  0.02023	  0.67957	
  0.0502	  0.172078	  0.014236	  0.763486	
  0.07018	  0.096154	  0.016234	  0.817432	
  0.068182	  0.20005	  0.02023	  0.711538	
  0.066184	  0.128122	  0.038212	  0.767482	
  0.078172	  0.186064	  0.078172	  0.657592	
  0.112138	  0.208042	  0.054196	  0.625624	
  0.122128	  0.176074	  0.052198	  0.6496	
  0.134116	  0.236014	  0.054196	  0.575674	
  0.112138	  0.261988	  0.072178	  0.553696	
  0.086164	  0.226024	  0.108142	  0.57967	

MOTIF motif_16 motif_16

letter-probability matrix: alength= 4 w= 20 nsites= 20 E= 0
  0.80944	  0.052198	  0.012238	  0.126124	
  0.224026	  0.02023	  0.008242	  0.747502	
  0.12013	  0.03022	  0.01024	  0.83941	
  0.054196	  0.062188	  0.024226	  0.85939	
  0.046204	  0.675574	  0.042208	  0.236014	
  0.044206	  0.67957	  0.038212	  0.238012	
  0.012238	  0.677572	  0.038212	  0.271978	
  0.012238	  0.743506	  0.066184	  0.178072	
  0.016234	  0.813436	  0.06019	  0.11014	
  0.022228	  0.651598	  0.03022	  0.295954	
  0.02023	  0.018232	  0.022228	  0.93931	
  0.014236	  0.02023	  0.038212	  0.927322	
  0.006244	  0.054196	  0.03022	  0.90934	
  0.01024	  0.01024	  0.014236	  0.965284	
  0.012238	  0.008242	  0.004246	  0.975274	
  0.01024	  0.01024	  0.062188	  0.917332	
  0.014236	  0.008242	  0.082168	  0.895354	
  0.016234	  0.03022	  0.124126	  0.82942	
  0.014236	  0.118132	  0.581668	  0.285964	
  0.08017	  0.122128	  0.603646	  0.194056	

MOTIF motif_17 motif_17

letter-probability matrix: alength= 4 w= 20 nsites= 20 E= 0
  0.106144	  0.253996	  0.036214	  0.603646	
  0.116134	  0.228022	  0.026224	  0.62962	
  0.126124	  0.152098	  0.02023	  0.701548	
  0.236014	  0.25	  0.014236	  0.49975	
  0.251998	  0.084166	  0.022228	  0.641608	
  0.283966	  0.094156	  0.028222	  0.593656	
  0.351898	  0.096154	  0.008242	  0.543706	
  0.361888	  0.09016	  0.012238	  0.535714	
  0.347902	  0.146104	  0.042208	  0.463786	
  0.521728	  0.134116	  0.058192	  0.285964	
  0.507742	  0.106144	  0.062188	  0.323926	
  0.467782	  0.09016	  0.048202	  0.393856	
  0.391858	  0.10015	  0.034216	  0.473776	
  0.19006	  0.048202	  0.03022	  0.731518	
  0.166084	  0.02023	  0.008242	  0.805444	
  0.172078	  0.026224	  0.02023	  0.781468	
  0.172078	  0.116134	  0.086164	  0.625624	
  0.02023	  0.341908	  0.186064	  0.451798	
  0.018232	  0.184066	  0.226024	  0.571678	
  0.018232	  0.162088	  0.20005	  0.61963	

MOTIF motif_18 motif_18

letter-probability matrix: alength= 4 w= 20 nsites= 20 E= 0
  0.068182	  0.006244	  0.72952	  0.196054	
  0.072178	  0.002248	  0.817432	  0.108142	
  0.072178	  0.014236	  0.8494	  0.064186	
  0.068182	  0.01024	  0.913336	  0.008242	
  0.058192	  0.018232	  0.907342	  0.016234	
  0.06019	  0.004246	  0.917332	  0.018232	
  0.072178	  0.006244	  0.901348	  0.02023	
  0.062188	  0.014236	  0.911338	  0.012238	
  0.058192	  0.022228	  0.895354	  0.024226	
  0.066184	  0.014236	  0.893356	  0.026224	
  0.066184	  0.01024	  0.895354	  0.028222	
  0.07018	  0.008242	  0.887362	  0.034216	
  0.062188	  0.006244	  0.875374	  0.056194	
  0.07018	  0.004246	  0.863386	  0.062188	
  0.052198	  0.02023	  0.827422	  0.10015	
  0.016234	  0.002248	  0.781468	  0.20005	
  0.036214	  0.006244	  0.6496	  0.307942	
  0.04021	  0.026224	  0.483766	  0.4498	
  0.034216	  0.026224	  0.415834	  0.523726	
  0.04021	  0.052198	  0.385864	  0.521728	

MOTIF motif_19 motif_19

letter-probability matrix: alength= 4 w= 20 nsites= 20 E= 0
  0.148102	  0.343906	  0.082168	  0.425824	
  0.124126	  0.353896	  0.06019	  0.461788	
  0.10015	  0.287962	  0.06019	  0.551698	
  0.096154	  0.212038	  0.066184	  0.625624	
  0.138112	  0.1501	  0.106144	  0.605644	
  0.124126	  0.156094	  0.162088	  0.557692	
  0.156094	  0.14011	  0.076174	  0.627622	
  0.168082	  0.146104	  0.064186	  0.621628	
  0.166084	  0.136114	  0.04021	  0.657592	
  0.13012	  0.046204	  0.034216	  0.78946	
  0.10015	  0.072178	  0.042208	  0.785464	
  0.098152	  0.082168	  0.04021	  0.77947	
  0.102148	  0.054196	  0.038212	  0.805444	
  0.102148	  0.054196	  0.036214	  0.807442	
  0.102148	  0.407842	  0.064186	  0.425824	
  0.106144	  0.521728	  0.09016	  0.281968	
  0.106144	  0.55969	  0.092158	  0.242008	
  0.11014	  0.55969	  0.106144	  0.224026	
  0.13012	  0.50974	  0.076174	  0.283966	
  0.13012	  0.431818	  0.084166	  0.353896	
